{
  "model": "openai-community/gpt2",
  "corpus": "wikitext-2-raw-v1(train)",
  "n_sequences": 390,
  "seq_len": 256,
  "total_tokens": 99840,
  "n_sample_vectors_per_layer": 15000,
  "ranks": [
    16,
    32,
    64
  ],
  "centering": "per-layer mean-centering; shared basis from trace-normalized pooled covariance (equal layer weighting); raw pooled variant also reported",
  "sites": {
    "resid": {
      "dim": 768,
      "cka": {
        "adjacent_mean": 0.8593687817820523,
        "adjacent_min": 0.03963473613034847,
        "adjacent_per_pair": [
          0.4306712128102562,
          0.9882289355465105,
          0.9994223373761724,
          0.9995753759862054,
          0.9995945102644761,
          0.9996825599094644,
          0.9997003062300257,
          0.9994882102554887,
          0.9991057244893246,
          0.9979526906043029,
          0.03963473613034847
        ],
        "offdiag_mean": 0.7297840095911055,
        "offdiag_min": 0.02392094819449251,
        "matrix": [
          [
            1.0,
            0.4306712128102562,
            0.29352495763885644,
            0.2916572966906773,
            0.2910284459401788,
            0.2905815315625531,
            0.2908753501353157,
            0.29143701307846964,
            0.29286456910880954,
            0.29541867647844894,
            0.29926654513605583,
            0.030029151769663514
          ],
          [
            0.4306712128102562,
            1.0,
            0.9882289355465105,
            0.987472692679472,
            0.9871817074186212,
            0.9868807797715778,
            0.9867235808403195,
            0.9863974367878104,
            0.9861881319570713,
            0.9858747603165565,
            0.984192634111449,
            0.02825127824129319
          ],
          [
            0.29352495763885644,
            0.9882289355465105,
            1.0,
            0.9994223373761724,
            0.999141291348311,
            0.9988148718558851,
            0.9986016063479792,
            0.9981950319342843,
            0.9977635562044439,
            0.996851213761558,
            0.9944423372900707,
            0.02400768594472005
          ],
          [
            0.2916572966906773,
            0.987472692679472,
            0.9994223373761724,
            1.0,
            0.9995753759862054,
            0.9992467376617912,
            0.9990387690757233,
            0.9986722468353327,
            0.9981341707180532,
            0.9969042956553144,
            0.99435050662883,
            0.02392094819449251
          ],
          [
            0.2910284459401788,
            0.9871817074186212,
            0.999141291348311,
            0.9995753759862054,
            1.0,
            0.9995945102644761,
            0.9993921158676112,
            0.9990196712914968,
            0.9984882554678252,
            0.99717428503172,
            0.9947717405971306,
            0.024316601711845607
          ],
          [
            0.2905815315625531,
            0.9868807797715778,
            0.9988148718558851,
            0.9992467376617912,
            0.9995945102644761,
            1.0,
            0.9996825599094644,
            0.9992846747668379,
            0.9986483331854147,
            0.9971495447701868,
            0.9947596845123717,
            0.02490968540202207
          ],
          [
            0.2908753501353157,
            0.9867235808403195,
            0.9986016063479792,
            0.9990387690757233,
            0.9993921158676112,
            0.9996825599094644,
            1.0,
            0.9997003062300257,
            0.9991484620195615,
            0.9977049899641456,
            0.9951823079929286,
            0.024695669238193777
          ],
          [
            0.29143701307846964,
            0.9863974367878104,
            0.9981950319342843,
            0.9986722468353327,
            0.9990196712914968,
            0.9992846747668379,
            0.9997003062300257,
            1.0,
            0.9994882102554887,
            0.9980909502565617,
            0.9955042686243268,
            0.024525494774787954
          ],
          [
            0.29286456910880954,
            0.9861881319570713,
            0.9977635562044439,
            0.9981341707180532,
            0.9984882554678252,
            0.9986483331854147,
            0.9991484620195615,
            0.9994882102554887,
            1.0,
            0.9991057244893246,
            0.9965408389584131,
            0.024186001419011605
          ],
          [
            0.29541867647844894,
            0.9858747603165565,
            0.996851213761558,
            0.9969042956553144,
            0.99717428503172,
            0.9971495447701868,
            0.9977049899641456,
            0.9980909502565617,
            0.9991057244893246,
            1.0,
            0.9979526906043029,
            0.02526264843799957
          ],
          [
            0.29926654513605583,
            0.984192634111449,
            0.9944423372900707,
            0.99435050662883,
            0.9947717405971306,
            0.9947596845123717,
            0.9951823079929286,
            0.9955042686243268,
            0.9965408389584131,
            0.9979526906043029,
            1.0,
            0.03963473613034847
          ],
          [
            0.030029151769663514,
            0.02825127824129319,
            0.02400768594472005,
            0.02392094819449251,
            0.024316601711845607,
            0.02490968540202207,
            0.024695669238193777,
            0.024525494774787954,
            0.024186001419011605,
            0.02526264843799957,
            0.03963473613034847,
            1.0
          ]
        ]
      },
      "recon": [
        {
          "rank": 16,
          "per_layer_pca_rel_err": [
            0.700514738082632,
            0.5105198505190908,
            0.19193159319985875,
            0.20808442554068599,
            0.22147021849832138,
            0.24150271778852186,
            0.26665795116113145,
            0.30316382888609283,
            0.3461247316565222,
            0.40424234348602583,
            0.47115568624142096,
            0.15864287641565006
          ],
          "per_layer_pca_rel_err_mean": 0.3353342467896628,
          "shared_pca_rel_err": [
            0.7411605467270866,
            0.5319412652740673,
            0.19967581368907655,
            0.2164960423474191,
            0.23046617647318104,
            0.2514599223613477,
            0.27808548309556774,
            0.3163873891049879,
            0.3621150916545109,
            0.42516533942486523,
            0.49985285786748024,
            0.24892240384224784
          ],
          "shared_pca_rel_err_mean": 0.35847736098848654,
          "ratio_shared_over_perlayer_per_layer": [
            1.058022774445328,
            1.041960003577047,
            1.0403488574187647,
            1.040424057609482,
            1.0406192671629446,
            1.0412301967570563,
            1.0428546453748466,
            1.0436185288543112,
            1.0461982589929766,
            1.051758546018104,
            1.0609080447567685,
            1.5690739443509147
          ],
          "ratio_shared_over_perlayer_mean": 1.0897514271098787,
          "ratio_shared_over_perlayer_max": 1.5690739443509147,
          "ratio_of_means": 1.0690150630879978,
          "shared_raw_pool_rel_err_mean": 0.36750842003600476,
          "ratio_raw_pool_mean": 1.1352523774463685
        },
        {
          "rank": 32,
          "per_layer_pca_rel_err": [
            0.6485075927547993,
            0.471791302198662,
            0.1783398819069303,
            0.194052689004203,
            0.20701633956120322,
            0.2257520126944191,
            0.24947492435754268,
            0.28347841342543034,
            0.32326817334937424,
            0.37708470314304693,
            0.4386819242263146,
            0.14250988499035372
          ],
          "per_layer_pca_rel_err_mean": 0.31166315346768997,
          "shared_pca_rel_err": [
            0.6841714874566107,
            0.4948081465381163,
            0.1867997311708434,
            0.20354314660177483,
            0.21741562421796165,
            0.23741524117676865,
            0.2627954307891902,
            0.2991797267968037,
            0.3427719194109558,
            0.40346352680487074,
            0.4759125977896395,
            0.20228400644100158
          ],
          "shared_pca_rel_err_mean": 0.33421338209954476,
          "ratio_shared_over_perlayer_per_layer": [
            1.0549937966790175,
            1.0487860717888216,
            1.0474366651609681,
            1.048906601836975,
            1.0502341248896139,
            1.0516638958921947,
            1.053394169634073,
            1.0553880388301533,
            1.0603330227607728,
            1.0699546373557007,
            1.0848694042452338,
            1.4194384231892014
          ],
          "ratio_shared_over_perlayer_mean": 1.0871165710218937,
          "ratio_shared_over_perlayer_max": 1.4194384231892014,
          "ratio_of_means": 1.072354490352419,
          "shared_raw_pool_rel_err_mean": 0.3430157606233282,
          "ratio_raw_pool_mean": 1.1268352031550195
        },
        {
          "rank": 64,
          "per_layer_pca_rel_err": [
            0.5761706981512077,
            0.4185240100064107,
            0.15932375190654352,
            0.17457281599049265,
            0.1871875466945659,
            0.20489883187238003,
            0.22705258191878896,
            0.2582389497050841,
            0.2940644825980769,
            0.34223755050239685,
            0.3973586095493806,
            0.1267060270509053
          ],
          "per_layer_pca_rel_err_mean": 0.2805279879955195,
          "shared_pca_rel_err": [
            0.6167013497767762,
            0.4451756531881089,
            0.16905595654617872,
            0.1853670877708376,
            0.1989578238902325,
            0.2178600194416256,
            0.24163420877092054,
            0.27559514752875214,
            0.3166542402042162,
            0.374517979816705,
            0.44362718522597133,
            0.1758422087056414
          ],
          "shared_pca_rel_err_mean": 0.3050824050721639,
          "ratio_shared_over_perlayer_per_layer": [
            1.0703448678569583,
            1.0636800817717156,
            1.0610844555322978,
            1.0618324893142068,
            1.0628795953707824,
            1.063256522498162,
            1.064221365499745,
            1.0672098374099728,
            1.0768190616067628,
            1.094321705101696,
            1.1164403502618065,
            1.3877967196746481
          ],
          "ratio_shared_over_perlayer_mean": 1.0991572543248962,
          "ratio_shared_over_perlayer_max": 1.3877967196746481,
          "ratio_of_means": 1.0875292952086801,
          "shared_raw_pool_rel_err_mean": 0.31563547937988684,
          "ratio_raw_pool_mean": 1.14376326755293
        }
      ]
    },
    "mlp_out": {
      "dim": 768,
      "cka": {
        "adjacent_mean": 0.524863027243632,
        "adjacent_min": 0.20857863238998717,
        "adjacent_per_pair": [
          0.7638209392249589,
          0.9987623766519645,
          0.9068533263894947,
          0.7868780673985646,
          0.6417330277008739,
          0.35681457173299663,
          0.237752744717287,
          0.24290080934980193,
          0.3688154655413213,
          0.2605833385827021,
          0.20857863238998717
        ],
        "offdiag_mean": 0.273949192239062,
        "offdiag_min": 0.005287600955788263,
        "matrix": [
          [
            1.0,
            0.7638209392249589,
            0.7627735274678524,
            0.706970402147227,
            0.6809508938742344,
            0.5807206423424417,
            0.3624454479616599,
            0.17926842000372972,
            0.146481855720764,
            0.12313736492120013,
            0.08022833737156286,
            0.11466597043712239
          ],
          [
            0.7638209392249589,
            1.0,
            0.9987623766519645,
            0.9079168817233153,
            0.8662047261343107,
            0.7104961045600404,
            0.35127659253268095,
            0.08607969431685429,
            0.02137578032100126,
            0.006144974068087756,
            0.010964442918795106,
            0.10937830924205118
          ],
          [
            0.7627735274678524,
            0.9987623766519645,
            1.0,
            0.9068533263894947,
            0.8664848646073776,
            0.7119158307626386,
            0.35155325416143984,
            0.08560357541645633,
            0.020542823250672033,
            0.005287600955788263,
            0.009659102508931084,
            0.10928800909245968
          ],
          [
            0.706970402147227,
            0.9079168817233153,
            0.9068533263894947,
            1.0,
            0.7868780673985646,
            0.6733765079726416,
            0.3654600508322653,
            0.10784067668110332,
            0.03285327285962238,
            0.010913390450317405,
            0.013919843665940786,
            0.10939827157048194
          ],
          [
            0.6809508938742344,
            0.8662047261343107,
            0.8664848646073776,
            0.7868780673985646,
            1.0,
            0.6417330277008739,
            0.3586549535309764,
            0.11037508467901798,
            0.038501488343656416,
            0.014124072921424617,
            0.01284487620508926,
            0.10749548559071087
          ],
          [
            0.5807206423424417,
            0.7104961045600404,
            0.7119158307626386,
            0.6733765079726416,
            0.6417330277008739,
            1.0,
            0.35681457173299663,
            0.13990710453293362,
            0.062114312206811295,
            0.03508319200636425,
            0.0231761296455266,
            0.09829882705062952
          ],
          [
            0.3624454479616599,
            0.35127659253268095,
            0.35155325416143984,
            0.3654600508322653,
            0.3586549535309764,
            0.35681457173299663,
            1.0,
            0.237752744717287,
            0.14083276963321895,
            0.08661712463046824,
            0.041037768185039646,
            0.09815403455068376
          ],
          [
            0.17926842000372972,
            0.08607969431685429,
            0.08560357541645633,
            0.10784067668110332,
            0.11037508467901798,
            0.13990710453293362,
            0.237752744717287,
            1.0,
            0.24290080934980193,
            0.22890008650996677,
            0.08517480940599942,
            0.06303800688547802
          ],
          [
            0.146481855720764,
            0.02137578032100126,
            0.020542823250672033,
            0.03285327285962238,
            0.038501488343656416,
            0.062114312206811295,
            0.14083276963321895,
            0.24290080934980193,
            1.0,
            0.3688154655413213,
            0.13533315506185786,
            0.08126005182469646
          ],
          [
            0.12313736492120013,
            0.006144974068087756,
            0.005287600955788263,
            0.010913390450317405,
            0.014124072921424617,
            0.03508319200636425,
            0.08661712463046824,
            0.22890008650996677,
            0.3688154655413213,
            1.0,
            0.2605833385827021,
            0.06465261184452266
          ],
          [
            0.08022833737156286,
            0.010964442918795106,
            0.009659102508931084,
            0.013919843665940786,
            0.01284487620508926,
            0.0231761296455266,
            0.041037768185039646,
            0.08517480940599942,
            0.13533315506185786,
            0.2605833385827021,
            1.0,
            0.20857863238998717
          ],
          [
            0.11466597043712239,
            0.10937830924205118,
            0.10928800909245968,
            0.10939827157048194,
            0.10749548559071087,
            0.09829882705062952,
            0.09815403455068376,
            0.06303800688547802,
            0.08126005182469646,
            0.06465261184452266,
            0.20857863238998717,
            1.0
          ]
        ]
      },
      "recon": [
        {
          "rank": 16,
          "per_layer_pca_rel_err": [
            0.8052307285635432,
            0.2970961951762539,
            0.07463981602523759,
            0.6720955244473373,
            0.7466419403404411,
            0.8503077122287629,
            0.8925708294481426,
            0.8986230403282054,
            0.8928849789102301,
            0.8754302706836511,
            0.7412936399098217,
            0.6079290057460028
          ],
          "per_layer_pca_rel_err_mean": 0.6962286401506358,
          "shared_pca_rel_err": [
            0.858876454812913,
            0.3139998291638029,
            0.08084392775730624,
            0.70817972683338,
            0.781739245639949,
            0.8845638173271889,
            0.9248939313968206,
            0.9273893102823056,
            0.925555501438163,
            0.9085766076952191,
            0.7715333031539339,
            0.6607931516321395
          ],
          "shared_pca_rel_err_mean": 0.7289120672610935,
          "ratio_shared_over_perlayer_per_layer": [
            1.0666215586978434,
            1.0568961644778518,
            1.0831206728710017,
            1.0536890978624818,
            1.0470068762577922,
            1.040286715743876,
            1.0362134867970383,
            1.0320114983281108,
            1.0365898444912478,
            1.037862909383571,
            1.0407930968445245,
            1.086957762148853
          ],
          "ratio_shared_over_perlayer_mean": 1.0515041403253493,
          "ratio_shared_over_perlayer_max": 1.086957762148853,
          "ratio_of_means": 1.0469435257681146,
          "shared_raw_pool_rel_err_mean": 0.734055891015136,
          "ratio_raw_pool_mean": 1.0561277956996176
        },
        {
          "rank": 32,
          "per_layer_pca_rel_err": [
            0.7575375523198541,
            0.28519001939281435,
            0.07134556930912608,
            0.6409339843628155,
            0.7136556425934935,
            0.815394911415085,
            0.8568566220332049,
            0.8628951610778007,
            0.8527698537046529,
            0.8339867617241663,
            0.7070852017965747,
            0.5748513903223255
          ],
          "per_layer_pca_rel_err_mean": 0.6643752225043261,
          "shared_pca_rel_err": [
            0.834969964297321,
            0.3093999937980994,
            0.07920407487627351,
            0.6894118588468076,
            0.7618129922842449,
            0.8614352830197258,
            0.8976261318970146,
            0.9003486567672079,
            0.8909860212542213,
            0.8769409633788281,
            0.7473941943523472,
            0.6332851274215041
          ],
          "shared_pca_rel_err_mean": 0.7069012718494663,
          "ratio_shared_over_perlayer_per_layer": [
            1.102215938654445,
            1.084890679048813,
            1.1101470720906008,
            1.0756362990037278,
            1.0674798135339834,
            1.0564638937023572,
            1.047580317190082,
            1.0434044567379221,
            1.0448141633789032,
            1.0515046564585842,
            1.0570072636965073,
            1.1016501622537829
          ],
          "ratio_shared_over_perlayer_mean": 1.0702328929791425,
          "ratio_shared_over_perlayer_max": 1.1101470720906008,
          "ratio_of_means": 1.0640090838784995,
          "shared_raw_pool_rel_err_mean": 0.7120585638701563,
          "ratio_raw_pool_mean": 1.0751281753999977
        },
        {
          "rank": 64,
          "per_layer_pca_rel_err": [
            0.6849070942195052,
            0.26615494379460675,
            0.06625433460107237,
            0.592864371911268,
            0.6612373769032701,
            0.7581015016412336,
            0.7981345157070595,
            0.8038304346618885,
            0.7901579025128386,
            0.7704079986429341,
            0.6535814530681385,
            0.5300338968630227
          ],
          "per_layer_pca_rel_err_mean": 0.6146388187105698,
          "shared_pca_rel_err": [
            0.8048562016193752,
            0.30117991587705556,
            0.07597079749949766,
            0.6550618654181073,
            0.7214089928494413,
            0.8165958227717063,
            0.851356578272807,
            0.8559540591933902,
            0.8456816787932222,
            0.8330636758783347,
            0.7152143889100168,
            0.5980816179677935
          ],
          "shared_pca_rel_err_mean": 0.6728687995875623,
          "ratio_shared_over_perlayer_per_layer": [
            1.1751319389316364,
            1.1315961731988198,
            1.146653995633387,
            1.1049101555980216,
            1.0909985098345136,
            1.077158956950698,
            1.0666830734885984,
            1.0648440545204803,
            1.0702692159411913,
            1.0813279163049796,
            1.094300313375567,
            1.1283837156573933
          ],
          "ratio_shared_over_perlayer_mean": 1.1026881682862741,
          "ratio_shared_over_perlayer_max": 1.1751319389316364,
          "ratio_of_means": 1.0947385344096172,
          "shared_raw_pool_rel_err_mean": 0.6800468576194151,
          "ratio_raw_pool_mean": 1.1111682400082539
        }
      ]
    },
    "mlp_hidden": {
      "dim": 3072,
      "cka": {
        "adjacent_mean": 0.7394450300683556,
        "adjacent_min": 0.26245257244548575,
        "adjacent_per_pair": [
          0.6507404010732447,
          0.6117456469351584,
          0.26245257244548575,
          0.8031078663819249,
          0.8175840368131355,
          0.8350916072391155,
          0.8361230389302594,
          0.8228226489813875,
          0.8494736195364158,
          0.8142333103837386,
          0.8305205820320449
        ],
        "offdiag_mean": 0.5179808552206177,
        "offdiag_min": 0.05886450404189338,
        "matrix": [
          [
            1.0,
            0.6507404010732447,
            0.1506531790900649,
            0.5112217468947868,
            0.4709654546965264,
            0.4524618843681488,
            0.4756048147596705,
            0.42533401777056273,
            0.39374489147775427,
            0.3612983959919784,
            0.2868141855951649,
            0.2614745076565246
          ],
          [
            0.6507404010732447,
            1.0,
            0.6117456469351584,
            0.6399845491521885,
            0.6067959447469021,
            0.5849606663115638,
            0.5626916086894839,
            0.5023233943830727,
            0.4464809458761626,
            0.41318848410760645,
            0.3408670948050499,
            0.3080242477156065
          ],
          [
            0.1506531790900649,
            0.6117456469351584,
            1.0,
            0.26245257244548575,
            0.27463809789086774,
            0.24509603416189937,
            0.17569509637832767,
            0.12275280886344594,
            0.09198254723519812,
            0.08508296701147344,
            0.07316507439239582,
            0.05886450404189338
          ],
          [
            0.5112217468947868,
            0.6399845491521885,
            0.26245257244548575,
            1.0,
            0.8031078663819249,
            0.7586545230599825,
            0.7137348161716821,
            0.6389900393697059,
            0.5462158095256282,
            0.5007294694275607,
            0.4226054835722496,
            0.3809771153145157
          ],
          [
            0.4709654546965264,
            0.6067959447469021,
            0.27463809789086774,
            0.8031078663819249,
            1.0,
            0.8175840368131355,
            0.7639005099879715,
            0.6762680780728901,
            0.5777242731941318,
            0.5231752773674577,
            0.4474886047762429,
            0.39332573743419297
          ],
          [
            0.4524618843681488,
            0.5849606663115638,
            0.24509603416189937,
            0.7586545230599825,
            0.8175840368131355,
            1.0,
            0.8350916072391155,
            0.7516289397185376,
            0.6508703392194666,
            0.585515679298777,
            0.4940382750745024,
            0.4325772054749157
          ],
          [
            0.4756048147596705,
            0.5626916086894839,
            0.17569509637832767,
            0.7137348161716821,
            0.7639005099879715,
            0.8350916072391155,
            1.0,
            0.8361230389302594,
            0.7440197337637265,
            0.666796788569752,
            0.565202528382201,
            0.49225658218715196
          ],
          [
            0.42533401777056273,
            0.5023233943830727,
            0.12275280886344594,
            0.6389900393697059,
            0.6762680780728901,
            0.7516289397185376,
            0.8361230389302594,
            1.0,
            0.8228226489813875,
            0.7499256555788845,
            0.6487640508461623,
            0.5583692542649694
          ],
          [
            0.39374489147775427,
            0.4464809458761626,
            0.09198254723519812,
            0.5462158095256282,
            0.5777242731941318,
            0.6508703392194666,
            0.7440197337637265,
            0.8228226489813875,
            1.0,
            0.8494736195364158,
            0.7280366887729435,
            0.619697795734563
          ],
          [
            0.3612983959919784,
            0.41318848410760645,
            0.08508296701147344,
            0.5007294694275607,
            0.5231752773674577,
            0.585515679298777,
            0.666796788569752,
            0.7499256555788845,
            0.8494736195364158,
            1.0,
            0.8142333103837386,
            0.6991847155837693
          ],
          [
            0.2868141855951649,
            0.3408670948050499,
            0.07316507439239582,
            0.4226054835722496,
            0.4474886047762429,
            0.4940382750745024,
            0.565202528382201,
            0.6487640508461623,
            0.7280366887729435,
            0.8142333103837386,
            1.0,
            0.8305205820320449
          ],
          [
            0.2614745076565246,
            0.3080242477156065,
            0.05886450404189338,
            0.3809771153145157,
            0.39332573743419297,
            0.4325772054749157,
            0.49225658218715196,
            0.5583692542649694,
            0.619697795734563,
            0.6991847155837693,
            0.8305205820320449,
            1.0
          ]
        ]
      },
      "recon": [
        {
          "rank": 16,
          "per_layer_pca_rel_err": [
            0.8406757640088883,
            0.8669030359103791,
            0.7098308604532627,
            0.8967628566820405,
            0.9026997604726731,
            0.9002755357157246,
            0.8921646814963805,
            0.896858011923913,
            0.8884406749743263,
            0.8837417164605817,
            0.86642627769434,
            0.8373677008320742
          ],
          "per_layer_pca_rel_err_mean": 0.865178906385382,
          "shared_pca_rel_err": [
            0.9246962338075603,
            0.9503535257070108,
            0.7862426850281896,
            0.9816583425754248,
            0.9918425645077587,
            0.9899695148762209,
            0.9751465115988991,
            0.9864215044885518,
            0.9736897192770484,
            0.9764501917710152,
            0.9634118728584231,
            0.9397985773245285
          ],
          "shared_pca_rel_err_mean": 0.953306770318386,
          "ratio_shared_over_perlayer_per_layer": [
            1.0999439657887933,
            1.0962627725809033,
            1.1076479325300488,
            1.094668824940405,
            1.0987513323226206,
            1.099629475200711,
            1.0930117856293577,
            1.0998636254265155,
            1.0959535585244222,
            1.1049044914170505,
            1.1119375042745252,
            1.1223248477216743
          ],
          "ratio_shared_over_perlayer_mean": 1.1020750096964191,
          "ratio_shared_over_perlayer_max": 1.1223248477216743,
          "ratio_of_means": 1.1018608559241119,
          "shared_raw_pool_rel_err_mean": 0.9557350769906265,
          "ratio_raw_pool_mean": 1.1046277373264348
        },
        {
          "rank": 32,
          "per_layer_pca_rel_err": [
            0.7917474065278322,
            0.8176162622910343,
            0.6715208833672881,
            0.8509762246026823,
            0.8578939213900293,
            0.8555950073224062,
            0.8448990129338297,
            0.8516160111783485,
            0.843279849702086,
            0.8370670452108213,
            0.813941469603578,
            0.7798989877525413
          ],
          "per_layer_pca_rel_err_mean": 0.8180043401568732,
          "shared_pca_rel_err": [
            0.9077863734950186,
            0.9320843866959149,
            0.7734212250243004,
            0.9740130724738427,
            0.9705943328623639,
            0.9670961755508991,
            0.9612029180936188,
            0.96616541667947,
            0.9590716430196604,
            0.9547314413428893,
            0.9405137329838177,
            0.9073607244687701
          ],
          "shared_pca_rel_err_mean": 0.934503453557547,
          "ratio_shared_over_perlayer_per_layer": [
            1.1465605899170834,
            1.1400022598412984,
            1.1517456034202382,
            1.1445831790746697,
            1.1313687026580126,
            1.1303200314086763,
            1.1376542088205281,
            1.1345082807232445,
            1.137311229904692,
            1.1405674692417176,
            1.1555053626162208,
            1.1634336480963718
          ],
          "ratio_shared_over_perlayer_mean": 1.1427967138102295,
          "ratio_shared_over_perlayer_max": 1.1634336480963718,
          "ratio_of_means": 1.1424186983863556,
          "shared_raw_pool_rel_err_mean": 0.9374753207956528,
          "ratio_raw_pool_mean": 1.1461918037864198
        },
        {
          "rank": 64,
          "per_layer_pca_rel_err": [
            0.7351234970232272,
            0.7561883141806056,
            0.6246438193700194,
            0.7971720905619587,
            0.8022426338386734,
            0.8007575335562768,
            0.786860635455491,
            0.7946283545630316,
            0.7885559388699347,
            0.782336424266738,
            0.7549104837850574,
            0.7146491450514552
          ],
          "per_layer_pca_rel_err_mean": 0.7615057392102057,
          "shared_pca_rel_err": [
            0.8798594516220773,
            0.9102674956190495,
            0.7562066660557618,
            0.9403966093686688,
            0.9484679244705476,
            0.9438334102853974,
            0.9356146043457174,
            0.941257748291537,
            0.9335074219045042,
            0.9250957629419758,
            0.9002680571967193,
            0.8682479348202379
          ],
          "shared_pca_rel_err_mean": 0.9069185905768494,
          "ratio_shared_over_perlayer_per_layer": [
            1.19688658461298,
            1.2037576864754886,
            1.2106205850515237,
            1.1796657465824796,
            1.1822706553639695,
            1.1786756549045776,
            1.189047414734285,
            1.1845257507932154,
            1.1838188971617067,
            1.1824781951164547,
            1.192549416828415,
            1.2149289491649902
          ],
          "ratio_shared_over_perlayer_mean": 1.1916021280658406,
          "ratio_shared_over_perlayer_max": 1.2149289491649902,
          "ratio_of_means": 1.190954373523524,
          "shared_raw_pool_rel_err_mean": 0.909451168580632,
          "ratio_raw_pool_mean": 1.1942990820697752
        }
      ]
    }
  }
}